01111110
10000001
10000001
11111111
10000001
10000001
10000001
00000000
11111110
10000001
10000001
11111110
10000001
10000001
11111110
00000000
01111110
10000001
10000000
10000000
10000000
10000001
01111110
00000000
11111100
10000010
10000001
10000001
10000001
10000010
11111100
00000000
11111111
10000000
10000000
11111110
10000000
10000000
11111111
00000000
11111111
10000000
10000000
11111110
10000000
10000000
10000000
00000000
01111110
10000001
10000000
10011111
10000001
10000001
01111110
00000000
10000001
10000001
10000001
11111111
10000001
10000001
10000001
00000000
01111110
00011000
00011000
00011000
00011000
00011000
01111110
00000000
00011111
00000100
00000100
00000100
10000100
10000100
01111000
00000000
10000011
10000110
10001100
11111000
10001100
10000110
10000011
00000000
10000000
10000000
10000000
10000000
10000000
10000000
11111111
00000000
10000001
11000011
10100101
10011001
10000001
10000001
10000001
00000000
10000001
11000001
10100001
10010001
10001001
10000101
10000011
00000000
01111110
10000001
10000001
10000001
10000001
10000001
01111110
00000000
11111110
10000001
10000001
11111110
10000000
10000000
10000000
00000000
01111110
10000001
10000001
10000001
10001001
10000101
01111110
00000000
11111110
10000001
10000001
11111110
10001000
10000100
10000010
00000000
01111110
10000001
10000000
01111110
00000001
10000001
01111110
00000000
11111111
00011000
00011000
00011000
00011000
00011000
00011000
00000000
10000001
10000001
10000001
10000001
10000001
10000001
01111110
00000000
10000001
10000001
10000001
10000001
01000010
00100100
00011000
00000000
10000001
10000001
10000001
10011001
10100101
11000011
10000001
00000000
10000001
01000010
00100100
00011000
00100100
01000010
10000001
00000000
10000001
10000001
01000010
00100100
00011000
00011000
00011000
00000000
11111111
00000010
00000100
00001000
00010000
00100000
11111111
00000000
